
//=============================================
男厕-01-01-有人
5E 00 04 50 01 01 01 4B 71 24
男厕-01-01-无人
5E 00 04 50 01 01 00 8B B0 24
男厕-01-02-有人
5E 00 04 50 01 02 01 BB 71 24
男厕-01-02-无人
5E 00 04 50 01 02 00 7B B0 24
男厕-01-61-有人
5E 00 04 50 01 3D 01 4B 60 24
男厕-01-61-无人
5E 00 04 50 01 3D 00 8B A1 24
男厕-01-62-有人
5E 00 04 50 01 3E 01 BB 60 24
男厕-01-62-无人
5E 00 04 50 01 3E 00 7B A1 24

女厕-02-91-有人
5E 00 04 50 02 5B 01 EB BB 24
女厕-02-91-无人
5E 00 04 50 02 5B 00 2B 7A 24
女厕-02-92-有人
5E 00 04 50 02 5C 01 DB B9 24
女厕-02-92-无人
5E 00 04 50 02 5C 00 1B 78 24
女厕-02-93-有人
5E 00 04 50 02 5D 01 4B B8 24
女厕-02-93-无人
5E 00 04 50 02 5D 00 8B 79 24
女厕-02-94-有人
5E 00 04 50 02 5E 01 BB B8 24
女厕-02-94-无人
5E 00 04 50 02 5E 00 7B 79 24

残卫-03-151-有人
5E 00 04 50 03 97 01 2B BF 24
残卫-03-151-无人
5E 00 04 50 03 97 00 EB 7E 24
残卫-03-152-有人
5E 00 04 50 03 98 01 DB BA 24
残卫-03-152-无人
5E 00 04 50 03 98 00 1B 7B 24
残卫-03-153-有人
5E 00 04 50 03 99 01 4B BB 24
残卫-03-153-无人
5E 00 04 50 03 99 00 8B 7A 24
残卫-03-154-有人
5E 00 04 50 03 9A 01 BB BB 24
残卫-03-154-无人
5E 00 04 50 03 9A 00 7B 7A 24

男厕--气味传感器（NH3-201）
5E 00 06 50 06 C9 00 10 00 07 90 24
男厕--气味传感器（NH3-203）
5E 00 06 50 06 CB 00 00 00 7F 9C 24
男厕--气味传感器（NH3-205）
5E 00 06 50 06 CD 00 10 00 37 91 24

男厕--气味传感器（H2S-202）
5E 00 06 50 06 CA 01 00 00 43 CC 24
男厕--气味传感器（H2S-204）
5E 00 06 50 06 CC 00 10 01 0B 51 24
男厕--气味传感器（H2S-206）
5E 00 06 50 06 CE 00 10 00 73 91 24

女厕--气味传感器（NH3-208）
5E 00 06 50 09 D0 00 10 00 5A C3 24
女厕--气味传感器（NH3-210）
5E 00 06 50 09 D2 00 00 00 22 CF 24
女厕--气味传感器（NH3-212）
5E 00 06 50 09 D4 00 10 00 6A C2 24

女厕--气味传感器（H2S-209）
5E 00 06 50 09 D1 01 00 00 A6 9E 24
女厕--气味传感器（H2S-211）
5E 00 06 50 09 D3 00 10 01 DE 02 24
女厕--气味传感器（H2S-213）
5E 00 06 50 09 D5 00 10 00 96 C3 24

残卫--气味传感器（NH3-214）
5E 00 06 50 0A D6 00 10 00 D2 87 24
残卫--气味传感器（NH3-216）
5E 00 06 50 0A D8 00 00 00 FA 88 24
残卫--气味传感器（NH3-218）
5E 00 06 50 0A DA 00 10 00 82 84 24

残卫--气味传感器（H2S-215）
5E 00 06 50 0A D7 01 00 00 2E DA 24
残卫--气味传感器（H2S-217）
5E 00 06 50 0A D9 00 10 01 06 45 24
残卫--气味传感器（H2S-219）
5E 00 06 50 0A DB 00 10 00 7E 85 24

温度湿度传感器
5E 00 09 50 07 01 00 10 00 20 00 00 E7 BB 24

//========================================================
电表
5E 00 07 50 04 10 00 02 9C 5C AD 13 24
5E 00 07 50 04 01 00 00 DF D4 38 7F 24
水表
5E 00 07 50 05 10 00 02 9C 5C 7C 12 24
5E 00 07 50 05 01 00 00 DF D4 E9 7E 24




男厕-01-01-有人
5E 00 12 50 30 30 30 30 30 30 30 31 19 03 21 19 34 00 01 01 01 1E D3 24
男厕-01-01-无人
5E 00 12 50 30 30 30 30 30 30 30 31 19 03 21 19 34 00 01 01 00 DE 12 24
男厕-01-02-有人
5E 00 12 50 30 30 30 30 30 30 30 31 19 03 21 19 34 00 01 02 01 EE D3 24
男厕-01-03-有人
5E 00 12 50 30 30 30 30 30 30 30 31 19 03 21 19 34 00 01 03 01 7E D2 24
女厕-02-02-有人
5E 00 12 50 30 30 30 30 30 30 30 31 19 03 21 19 34 00 02 02 01 EE 23 24
第三卫生间-01-01-有人
5E 00 12 50 30 30 30 30 30 30 30 31 19 03 21 19 34 00 03 01 01 DE 72 24
电表
5E 00 15 50 30 30 30 30 30 30 30 31 19 03 21 19 34 00 04 01 00 02 9C 5C EF 07 24
水表
5E 00 15 50 30 30 30 30 30 30 30 31 19 03 21 19 34 00 05 01 00 02 9C 5C 3E 06 24


(废弃)男厕-01-传感器
5E 00 1d 50 30 30 30 30 30 30 30 31 19 03 21 19 34 00 06 01 00 01 00 01 00 10 00 10 00 00 00 00 7D EF 24
5E 00 1d 50 30 30 30 30 30 30 30 31 19 03 21 19 34 00 06 01 01 02 03 04 00 10 00 20 FF 00 00 00 B5 A2 24
(废弃)女厕-01-传感器
5E 00 1d 50 30 30 30 30 30 30 30 31 19 03 21 19 34 00 07 01 00 01 00 01 00 10 00 10 00 00 00 00 BC EF 24
5E 00 1d 50 30 30 30 30 30 30 30 31 19 03 21 19 34 00 07 01 00 01 00 12 00 13 00 14 00 FF 00 00 7C C4 24
(废弃)气味传感器--男厕
5E 00 17 50 30 30 30 30 30 30 30 31 19 03 21 19 34 00 06 01 00 10 00 20 00 00 84 2C 24
(废弃)气味传感器--女厕
5E 00 17 50 30 30 30 30 30 30 30 31 19 03 21 19 34 00 09 01 00 1F 00 2F 00 00 C6 08 24
气味传感器--男厕（NH3）
5E 00 14 50 30 30 30 30 30 30 30 31 19 03 21 19 34 00 06 01 00 10 00 9E 52 24
气味传感器--男厕（H2S）
5E 00 14 50 30 30 30 30 30 30 30 31 19 03 21 19 34 00 06 02 00 20 00 DA 46 24
气味传感器--女厕（NH3）
5E 00 14 50 30 30 30 30 30 30 30 31 19 03 21 19 34 00 09 01 00 1F 00 6F 03 24
气味传感器--女厕（H2S）
5E 00 14 50 30 30 30 30 30 30 30 31 19 03 21 19 34 00 09 02 00 2F 00 2B 17 24

温度湿度传感器
5E 00 17 50 30 30 30 30 30 30 30 31 19 03 21 19 34 00 07 01 00 10 00 20 00 00 BC EF 24
5E 00 17 50 30 30 30 30 30 30 30 31 19 03 21 19 34 00 07 01 00 1F 00 2F FF 00 BA C8 24



设置时间数据帧
5E 00 17 50 30 30 30 30 30 30 30 31 19 03 21 19 34 00 08 01 19 01 01 02 03 04 C7 F3 24
5E 00 17 50 30 30 30 30 30 30 30 31 19 03 21 19 34 00 08 01 19 01 01 23 59 55 91 58 24